1.1305610 -0.0000394 0.4907916 -0.0548465 -0.0286502 -0.0311584 -0.0185509 -0.0363336 -0.0304519 -0.0491311 -0.0467634 0.5319355 -0.0075340 -0.0528411 -0.0020537 -0.0298080 -0.0637866 -0.0197111 -0.0254219 -0.0170189 -0.0453652 -0.0070113 -0.0529106 -0.0098623 0.5348311 -0.0189028 -0.0421156 0.5546298 -0.0532745 -0.0673004 -0.0685250 -0.0403626 -0.0364641 -0.0462024 -0.0373192 -0.0341742 -0.0574892 -0.0432108 -0.0197062 0.0008692 -0.0651822 -0.0316037 -0.0529589 -0.0348670 -0.0526010 -0.0637198 -0.0611852 -0.0054256 0.0021047 -0.0272226 0.5579681 0.5186485 -0.0149311 0.5477958 -0.0351924 -0.0295695 -0.0162290 0.0065571 -0.0567738 -0.0564389 0.0032629 -0.0491876 -0.0550090 -0.0488464 -0.0666456 -0.0663115 -0.0635287 -0.0611552 -0.0538245 -0.0038176 -0.0298073 -0.0017116 -0.0154614 -0.0407575 -0.0305214 -0.0567666 -0.0299307 -0.0315559 -0.0209816 -0.0545476 -0.0629410 -0.0505291 -0.0564832 -0.0473744 -0.0512612 0.5269972 0.6174328 0.5231685 -0.0368539 -0.0332665 -0.0069473 -0.0687783 -0.0629812 -0.0715427 -0.0064217 -0.0371156 -0.0174656 -0.0572167 -0.0335649 -0.0183138 -0.0231705 -0.0176739 0.0006551 -0.0182643 -0.0297497 -0.0315575 -0.0553113 -0.0593436 -0.0099792 -0.0082853 -0.0233376 -0.0584694 -0.0095490 -0.0138885 -0.0758772 -0.0183019 -0.0573354 -0.0006500 -0.0269722 -0.0188668 -0.0361912 -0.0215277 -0.0187649 -0.0047206 -0.0649015 -0.0021757 -0.0103723 -0.0187613 -0.0428714 -0.0236802 -0.0526948 -0.0043291 -0.0332223 -0.0310063 -0.0048804 -0.0625905 -0.0625401 -0.0072684 -0.0306973 -0.0206966 -0.0338117 -0.0684811 0.0102312 -0.0197901 -0.0303985 -0.0177119 -0.0017244 -0.0453294 0.0035377 -0.0091670 -0.0234414 -0.0149900 -0.0097367 -0.0192485 -0.0333277 -0.0310965 -0.0128476 0.0021747 0.0041501 -0.0255264 -0.0018450 -0.0355739 -0.0696446 -0.0199708 -0.0118247 -0.0124530 -0.0153341 -0.0397566 -0.0630807 -0.0033826 -0.0146427 -0.0046353 -0.0113586 -0.0738805 -0.0192327 -0.0585254 -0.0356719 -0.0609068 -0.0404213 -0.0187826 -0.0122959 0.0049901 -0.0350512 -0.0731301 -0.0127033 -0.0219007 -0.0255677 -0.0877443 -0.0108279 -0.0531010 0.0025512 -0.0251495 -0.0244174 -0.0031427 -0.0138742 -0.0132188 -0.0175123 -0.0324949 -0.0044549 -0.0166915 -0.0274077 0.0235064 -0.0329247 -0.0109948
-0.0000394 1.0813127 0.0028825 -0.0333135 0.0304570 -0.0418300 -0.0458049 -0.0148922 -0.0269583 -0.0577568 -0.0213071 0.0066920 0.0181239 -0.0492843 0.0098888 -0.0471051 -0.0389429 0.0322695 -0.0489694 -0.0160453 -0.0363294 0.0631878 -0.0263705 -0.0053682 0.0045691 -0.0510114 -0.0611423 0.0018205 -0.0463824 -0.0555484 -0.0550326 -0.0469731 0.0254699 -0.0105852 -0.0350010 -0.0535429 -0.0362431 -0.0219848 -0.0009093 0.0219283 -0.0445051 -0.0200971 -0.0311171 -0.0267258 -0.0453383 -0.0373126 -0.0319760 0.0243334 0.0058687 -0.0134512 0.0058080 0.0064605 0.0186978 0.0044401 0.0323994 -0.0555156 0.3551612 0.0168700 -0.0480951 -0.0362164 0.0077409 -0.0367735 -0.0541115 -0.0252329 -0.0443602 -0.0483150 -0.0475840 -0.0354157 -0.0484967 0.0148015 -0.0195258 0.0041714 0.0115090 -0.0178602 -0.0246419 -0.0200972 -0.0488163 -0.0524768 0.0584660 -0.0377976 -0.0345063 -0.0496860 -0.0550234 -0.0189524 -0.0367070 0.0012397 0.0004359 0.0046300 -0.0488254 -0.0413855 0.0716137 -0.0367479 -0.0467376 -0.0556679 0.0274157 -0.0171066 0.0210502 -0.0436938 -0.0138794 -0.0112074 0.0182933 0.0035734 0.0164567 -0.0167387 0.0035780 -0.0093927 -0.0227523 -0.0326009 0.0029781 0.3460458 -0.0279095 -0.0416328 0.0501408 -0.0125016 -0.0461268 0.0028203 -0.0426871 0.0290553 0.0250557 0.0023667 -0.0065992 -0.0295830 -0.0389092 0.0272050 -0.0448282 -0.0160951 -0.0088244 -0.0093018 -0.0496532 -0.0027473 -0.0345365 -0.0125543 -0.0505588 -0.0202021 0.0026725 -0.0373509 -0.0382497 0.0085629 -0.0531771 0.0443096 -0.0378188 -0.0402975 0.0316314 0.0332192 0.0247823 0.0074195 0.0124858 -0.0194694 0.4239420 0.0413309 -0.0196708 -0.0063536 -0.0048851 -0.0075391 -0.0107163 -0.0154439 -0.0084220 0.0122444 0.0436301 -0.0461660 0.2950374 -0.0429561 -0.0369300 0.0412913 -0.0017127 0.0092097 -0.0041575 0.0142776 -0.0366498 0.0150810 0.0541688 0.0436234 -0.0036384 -0.0450923 -0.0081527 -0.0464995 -0.0464058 -0.0292712 -0.0203763 0.0408051 0.0123692 0.0262491 -0.0174532 -0.0298375 -0.0164555 -0.0130180 -0.0022262 -0.0392079 -0.0141611 -0.0385436 0.0121243 0.0323460 0.0085732 0.0091857 0.0271994 0.0322258 0.0149504 0.0320851 0.0369073 0.0094141 0.0162707 0.0186897 0.0140354 0.0109725
0.4907916 0.0028825 1.2171981 -0.0536773 -0.0287647 -0.0497621 -0.0396886 -0.0466879 -0.0398836 -0.0533941 -0.0456946 0.6121570 0.0025868 -0.0535371 -0.0054249 -0.0442383 -0.0705350 -0.0121981 -0.0381891 -0.0166117 -0.0478197 -0.0046848 -0.0490866 -0.0038409 0.5643215 -0.0477803 -0.0503992 0.5600950 -0.0650231 -0.0762123 -0.0723658 -0.0473189 -0.0299748 -0.0447682 -0.0460159 -0.0551252 -0.0658894 -0.0418350 -0.0082658 0.0108564 -0.0566274 -0.0318570 -0.0612990 -0.0359861 -0.0566762 -0.0782640 -0.0434422 -0.0114014 0.0173710 -0.0192327 0.5542302 0.5983716 -0.0216144 0.5028175 -0.0253262 -0.0451776 -0.0032152 0.0011295 -0.0547289 -0.0630927 0.0071232 -0.0647098 -0.0567678 -0.0427886 -0.0685669 -0.0643718 -0.0723963 -0.0542762 -0.0774648 -0.0094830 -0.0370601 0.0022036 -0.0168859 -0.0317085 -0.0339341 -0.0478344 -0.0400543 -0.0511314 -0.0165957 -0.0575053 -0.0676102 -0.0600332 -0.0558624 -0.0337072 -0.0505240 0.5752369 0.5298671 0.6140226 -0.0442345 -0.0343991 -0.0086045 -0.0663197 -0.0692233 -0.0737754 -0.0201051 -0.0240661 -0.0097292 -0.0561936 -0.0293485 -0.0140626 -0.0161942 -0.0132909 -0.0016339 -0.0113000 -0.0339580 -0.0303869 -0.0350769 -0.0597285 -0.0108958 0.0046071 -0.0265978 -0.0514001 -0.0133113 -0.0185351 -0.0607681 -0.0277045 -0.0649753 -0.0034954 -0.0328373 -0.0244401 -0.0305417 -0.0339320 -0.0220237 -0.0127800 -0.0654421 -0.0089797 -0.0178560 -0.0116533 -0.0534804 -0.0228218 -0.0556606 -0.0095728 -0.0399825 -0.0261963 -0.0018172 -0.0744118 -0.0553943 -0.0122582 -0.0471375 -0.0268398 -0.0406634 -0.0654709 -0.0080159 -0.0221714 -0.0376918 -0.0223485 -0.0071403 -0.0343241 -0.0071947 -0.0097276 -0.0156639 -0.0131891 -0.0178755 -0.0242851 -0.0231368 -0.0218927 -0.0228303 -0.0013492 -0.0017277 -0.0416660 0.0012656 -0.0468741 -0.0623263 -0.0211869 -0.0188580 -0.0256633 -0.0210705 -0.0331178 -0.0770042 -0.0158167 -0.0224266 -0.0058393 -0.0117858 -0.0587373 -0.0066350 -0.0622043 -0.0442929 -0.0496949 -0.0282830 -0.0104735 -0.0187077 0.0004403 -0.0322098 -0.0602156 -0.0123139 -0.0118490 -0.0249896 -0.0743881 -0.0071266 -0.0545361 -0.0045334 -0.0105328 -0.0082137 -0.0182343 -0.0132934 -0.0028569 -0.0147221 -0.0397150 0.0019055 -0.0195932 -0.0259931 0.0273012 -0.0417235 -0.0074917
-0.0548465 -0.0333135 -0.0536773 1.1185129 -0.0281930 -0.0877538 -0.0738065 -0.0682455 -0.0487869 -0.1003458 -0.0525589 -0.0503043 -0.0419515 -0.1016929 -0.0199445 -0.0904519 -0.0746571 -0.0341348 -0.0949753 -0.0410637 -0.0846435 -0.0461209 0.4785143 -0.0356522 -0.0582036 -0.0739468 -0.0969612 -0.0601316 -0.0797961 -0.0941007 -0.0912637 -0.0929046 -0.0275205 -0.0651123 -0.0696746 -0.0924738 -0.0932498 -0.0792867 -0.0210943 -0.0452690 -0.0721979 -0.0533536 -0.0930526 -0.0546799 -0.0872314 -0.0777633 0.4803394 -0.0532509 -0.0349233 -0.0721994 -0.0547179 -0.0589761 -0.0260842 -0.0727009 -0.0329824 -0.0869976 -0.0328735 -0.0389673 -0.0839975 -0.0816331 -0.0419781 -0.0807869 -0.0999649 -0.0508997 -0.0741666 -0.0961502 -0.0993147 0.4945584 -0.0858900 -0.0412979 -0.0692431 -0.0432457 -0.0271877 -0.0666379 -0.0601449 -0.0634088 -0.0944001 -0.0852512 -0.0483982 -0.0816682 -0.0842672 -0.0879721 -0.0952187 -0.0665251 -0.0950445 -0.0577135 -0.0518724 -0.0577809 -0.0923714 -0.0982594 -0.0562341 -0.0817765 -0.0966691 -0.0991540 -0.0398184 -0.0597749 -0.0455841 0.4934307 -0.0369519 -0.0539472 -0.0538511 -0.0261375 -0.0457912 -0.0567205 -0.0382841 -0.0587635 -0.0569316 0.4940483 -0.0507406 -0.0230626 -0.0250268 0.4625221 -0.0435680 -0.0631378 0.4830512 -0.0337371 0.4381254 -0.0370417 -0.0430981 -0.0292612 -0.0614144 -0.0462298 -0.0538333 -0.0241364 0.4746495 -0.0447246 -0.0382299 -0.0217017 -0.0974063 -0.0394533 0.4361551 -0.0600524 -0.0947834 -0.0407934 -0.0341132 -0.0811682 0.5468307 -0.0441332 -0.0705452 -0.0317052 -0.0927343 0.5020602 -0.0421455 -0.0402624 -0.0495668 -0.0378517 -0.0209794 -0.0724220 -0.0343168 -0.0177939 -0.0157987 -0.0544987 -0.0579512 -0.0468757 -0.0468727 0.2036531 -0.0395162 -0.0333956 -0.0483881 -0.0758382 -0.0452442 -0.0968364 0.4590908 -0.0397668 -0.0341063 -0.0244911 -0.0371418 -0.0404312 -0.0870321 -0.0264275 -0.0370891 -0.0379225 -0.0280583 0.4594592 -0.0514077 -0.0747298 -0.0828910 0.4497219 -0.0679328 -0.0365840 -0.0319067 -0.0276896 -0.0654680 0.5163211 -0.0220531 -0.0556452 -0.0361219 0.4677216 -0.0573702 0.5435851 -0.0207236 -0.0316193 -0.0343239 -0.0155031 -0.0241267 -0.0453803 -0.0244401 -0.0364139 -0.0511962 -0.0436527 -0.0600869 -0.0355309 -0.0502657 -0.0356526
-0.0286502 0.0304570 -0.0287647 -0.0281930 1.1088866 -0.0364959 -0.0391541 -0.0244994 -0.0216731 -0.0484988 -0.0134611 -0.0277246 0.0343642 -0.0484786 0.0106210 -0.0542159 -0.0453863 0.3880585 -0.0499766 -0.0070457 -0.0241927 0.0476765 -0.0260609 0.0174059 -0.0249194 -0.0470938 -0.0541324 -0.0235996 -0.0527098 -0.0626943 -0.0530039 -0.0473873 0.4234574 -0.0164403 -0.0313971 -0.0371211 -0.0376442 -0.0171253 0.0154775 0.0236864 -0.0303230 -0.0125726 -0.0476723 -0.0115789 -0.0380282 -0.0498868 -0.0334780 0.0351517 -0.0023026 -0.0176175 -0.0235079 -0.0157792 0.0237341 -0.0144285 0.3548347 -0.0432939 0.0286100 0.0068595 -0.0508171 -0.0448003 0.0062691 -0.0569077 -0.0598108 -0.0054141 -0.0417557 -0.0597755 -0.0512813 -0.0348246 -0.0495763 0.0328669 -0.0077632 0.0119690 0.0284979 -0.0240989 -0.0265649 -0.0080827 -0.0391706 -0.0369476 0.0518849 -0.0439468 -0.0407466 -0.0472034 -0.0452408 -0.0106358 -0.0427700 -0.0138126 -0.0333824 -0.0235022 -0.0421484 -0.0384563 0.0689996 -0.0370267 -0.0451980 -0.0547026 0.0182522 -0.0135180 0.0226391 -0.0365449 -0.0050880 -0.0047503 0.0022014 0.0256275 0.0096836 -0.0015182 0.0131770 0.0194725 -0.0143546 -0.0258354 0.0089526 0.0292686 -0.0126073 -0.0225328 0.0505264 -0.0088875 -0.0181756 -0.0180058 -0.0195855 0.0271718 0.0240981 -0.0369373 -0.0170456 0.0042841 -0.0147489 0.0161020 -0.0263667 -0.0106086 -0.0454659 -0.0065800 -0.0480584 -0.0451456 -0.0280619 -0.0008994 -0.0529753 -0.0042740 0.0254728 -0.0384374 -0.0287179 -0.0008101 -0.0480280 0.0603098 -0.0491339 -0.0265512 0.0477424 0.0351846 0.0141224 -0.0313763 0.0032415 -0.0151039 0.0251345 0.0309286 -0.0146007 -0.0093771 -0.0118298 -0.0092742 -0.0060271 -0.0004337 -0.0167958 0.0070525 0.0395782 -0.0392451 0.0358070 -0.0450733 -0.0297213 0.0576604 -0.0385110 0.0232751 -0.0334620 0.0285439 -0.0485478 0.0186546 0.0577738 0.0248406 -0.0011188 -0.0341164 -0.0103488 -0.0406240 -0.0441710 -0.0300613 -0.0106893 0.0269301 0.0069649 0.0137239 -0.0169982 -0.0280014 -0.0249424 -0.0032236 0.0182417 -0.0169876 -0.0099561 -0.0148060 0.0230198 0.0162805 0.0320745 0.0166551 0.0364509 0.0192816 0.0018940 0.0282385 0.0216714 0.0081626 0.0378145 0.0370626 0.0211498 0.0131011
-0.0311584 -0.0418300 -0.0497621 -0.0877538 -0.0364959 1.0891920 0.5027567 -0.0656268 -0.0633766 -0.1050626 -0.0648851 -0.0556483 -0.0276210 -0.0861466 -0.0156995 0.5320752 -0.0896868 -0.0319869 0.4650630 -0.0445705 -0.0643296 -0.0409999 -0.0697454 -0.0286018 -0.0462048 0.4989705 -0.0755721 -0.0448515 -0.0836564 -0.0727633 -0.0880643 0.4823015 -0.0397145 -0.0838179 -0.0716167 0.4879801 -0.0919566 -0.0637142 -0.0100742 -0.0172237 -0.0797672 -0.0620257 -0.0923304 -0.0365930 -0.0805035 -0.0856227 -0.0777252 -0.0280158 -0.0289635 -0.0661178 -0.0414519 -0.0438979 -0.0165177 -0.0296087 -0.0511775 0.4860419 -0.0447566 -0.0143098 -0.0992078 -0.0922707 -0.0177181 -0.0795576 -0.0854872 -0.0689272 -0.0855210 -0.0842754 -0.0749036 -0.0804917 -0.0800703 -0.0273717 -0.0439099 -0.0230053 -0.0154344 -0.0706732 -0.0641471 -0.0568076 0.4574688 0.5152867 -0.0344494 -0.0959239 -0.0771143 -0.0870020 -0.0760679 -0.0450070 0.4399123 -0.0406697 -0.0402277 -0.0419869 0.4547898 0.4757157 -0.0364045 -0.0824863 -0.0895083 -0.0697252 -0.0198910 -0.0724709 -0.0181349 -0.0753446 -0.0384752 -0.0571069 -0.0532524 -0.0339024 -0.0195900 -0.0639627 -0.0462355 -0.0437513 -0.0491501 -0.0936397 -0.0191178 -0.0364689 -0.0331198 -0.0731251 -0.0390318 -0.0446030 -0.0792616 -0.0559434 -0.0797216 -0.0414330 -0.0390050 -0.0528456 -0.0667063 -0.0520442 -0.0574340 -0.0307212 -0.0809351 -0.0488343 -0.0464796 -0.0182383 -0.0866082 -0.0491951 -0.0828299 -0.0553205 0.4731704 -0.0560638 -0.0279271 -0.0889283 -0.0854270 -0.0351178 0.5063293 -0.0422090 0.4615293 -0.0698538 -0.0469400 -0.0141865 -0.0337153 -0.0415760 -0.0234230 -0.0636193 -0.0397457 -0.0259463 -0.0284844 -0.0396460 -0.0366239 -0.0495305 -0.0624401 -0.0493189 -0.0315438 -0.0221888 -0.0320486 0.4165204 -0.0367917 0.4516364 -0.0702111 -0.0357486 -0.0412475 -0.0193388 -0.0561561 -0.0314688 -0.0753001 -0.0039415 -0.0478715 -0.0301686 -0.0333032 -0.0714083 -0.0607139 -0.0852628 0.4793720 -0.0874972 -0.0645555 -0.0437657 -0.0234682 -0.0214096 -0.0649089 -0.0836152 -0.0251728 -0.0607528 -0.0266012 -0.0744772 -0.0379808 -0.0796142 -0.0212540 -0.0268930 -0.0288205 -0.0131677 -0.0388052 -0.0346217 -0.0234654 -0.0315334 -0.0286722 -0.0385794 -0.0450204 -0.0305636 -0.0470943 -0.0258644
-0.0185509 -0.0458049 -0.0396886 -0.0738065 -0.0391541 0.5027567 1.1310403 -0.0718018 -0.0738024 -0.0944640 -0.0734044 -0.0407117 -0.0207834 -0.0806312 -0.0267782 0.5100831 -0.0794764 -0.0451050 0.4448589 -0.0430878 -0.0751095 -0.0432214 -0.0638355 -0.0321465 -0.0247272 0.5684557 -0.0833090 -0.0365706 -0.0944637 -0.0852998 -0.0995104 0.4389144 -0.0447550 -0.0790867 -0.0701315 0.4659542 -0.0841519 -0.0643538 -0.0240997 -0.0152881 -0.0666034 -0.0760778 -0.0787600 -0.0349625 -0.0869977 -0.0842188 -0.0691876 -0.0313885 -0.0279323 -0.0662475 -0.0330654 -0.0298443 -0.0292660 -0.0162055 -0.0492710 0.4904114 -0.0539251 -0.0209580 -0.0916735 -0.0710848 -0.0266468 -0.0826111 -0.0907895 -0.0579680 -0.0675898 -0.0809347 -0.0994957 -0.0654112 -0.0855092 -0.0350068 -0.0350990 -0.0250992 -0.0199725 -0.0766504 -0.0738097 -0.0627889 0.4638602 0.5547830 -0.0399022 -0.0892927 -0.0701403 -0.0831163 -0.0822716 -0.0355216 0.4444374 -0.0279089 -0.0250228 -0.0311103 0.5548569 0.5304590 -0.0429127 -0.0776111 -0.0894770 -0.0808419 -0.0265536 -0.0769650 -0.0171494 -0.0691753 -0.0450208 -0.0721278 -0.0437375 -0.0419924 -0.0308359 -0.0597901 -0.0513028 -0.0459652 -0.0394114 -0.0760406 -0.0236002 -0.0591561 -0.0385485 -0.0610735 -0.0523521 -0.0468203 -0.0642141 -0.0689446 -0.0722290 -0.0473810 -0.0434904 -0.0603940 -0.0600763 -0.0664991 -0.0743313 -0.0363300 -0.0751884 -0.0557020 -0.0485948 -0.0294917 -0.0821218 -0.0556552 -0.0842434 -0.0553247 0.4261484 -0.0699519 -0.0408997 -0.0655064 -0.0740493 -0.0459694 0.5610256 -0.0539644 0.4290984 -0.0639973 -0.0459371 -0.0226032 -0.0587493 -0.0422458 -0.0277264 -0.0526606 -0.0520940 -0.0300572 -0.0380184 -0.0612246 -0.0426989 -0.0700516 -0.0737674 -0.0448793 -0.0337608 -0.0356610 -0.0443472 0.5143787 -0.0526147 0.4595620 -0.0689666 -0.0484232 -0.0588502 -0.0255488 -0.0620637 -0.0437822 -0.0741298 -0.0152708 -0.0583984 -0.0330000 -0.0351766 -0.0609355 -0.0608440 -0.0696604 0.5521302 -0.0785092 -0.0506876 -0.0524166 -0.0315708 -0.0290463 -0.0700146 -0.0751012 -0.0260753 -0.0614129 -0.0305956 -0.0628573 -0.0354405 -0.0722784 -0.0398827 -0.0331945 -0.0286542 -0.0287820 -0.0410433 -0.0419676 -0.0269897 -0.0389437 -0.0403208 -0.0402124 -0.0563984 -0.0445925 -0.0470428 -0.0323417
-0.0363336 -0.0148922 -0.0466879 -0.0682455 -0.0244994 -0.0656268 -0.0718018 1.1096435 0.5534699 -0.0720826 0.4508914 -0.0317718 -0.0244380 -0.0615341 -0.0141273 -0.0636775 -0.0629371 -0.0175614 -0.0524983 -0.0428760 -0.0321076 -0.0445966 -0.0708915 -0.0253211 -0.0593030 -0.0566059 -0.0465533 -0.0413616 -0.0530056 -0.0481510 -0.0580249 -0.0559152 -0.0241902 0.4884836 -0.0477393 -0.0740811 -0.0627885 -0.0404832 -0.0167809 -0.0299202 -0.0700759 0.4645252 -0.0637636 0.2606185 -0.0549518 -0.0504298 -0.0840190 -0.0174863 -0.0263444 0.4707076 -0.0393656 -0.0410927 -0.0186265 -0.0506649 -0.0390041 -0.0447472 -0.0207958 -0.0216228 -0.0559361 -0.0662696 -0.0164972 -0.0544485 -0.0590322 0.5176495 -0.0773481 -0.0633485 -0.0509343 -0.0790349 -0.0388442 -0.0212161 0.2806222 -0.0309511 -0.0300178 0.5399206 0.5003989 0.2060448 -0.0703659 -0.0627931 -0.0402884 -0.0527556 -0.0629904 -0.0620990 -0.0619344 0.2568343 -0.0491895 -0.0462784 -0.0346189 -0.0404454 -0.0609518 -0.0563792 -0.0384428 -0.0566429 -0.0722849 -0.0695558 -0.0183745 0.4165807 -0.0332078 -0.0624585 -0.0478252 -0.0505595 -0.0505043 -0.0099258 -0.0245053 -0.0563666 -0.0223553 0.2235962 0.2450646 -0.0697474 -0.0428019 -0.0226081 -0.0458225 -0.0812209 -0.0261109 -0.0444877 -0.0724726 -0.0170351 -0.0672668 -0.0231164 -0.0349657 -0.0343627 0.5214155 -0.0388955 -0.0402908 -0.0227026 -0.0563868 -0.0459496 -0.0240781 -0.0412239 -0.0686541 -0.0190378 -0.0620438 -0.0433474 -0.0610358 -0.0559340 -0.0258897 -0.0669803 -0.0833153 -0.0295427 -0.0677908 -0.0455590 -0.0631606 -0.0700689 -0.0346197 -0.0347775 -0.0192795 -0.0348693 -0.0194238 0.2458181 -0.0148951 -0.0345295 -0.0463625 -0.0418770 -0.0517661 -0.0549812 -0.0640728 -0.0779191 -0.0494275 -0.0081190 -0.0283008 -0.0538564 -0.0266495 -0.0515773 -0.0654525 -0.0281073 -0.0179334 -0.0458710 -0.0251303 -0.0200283 -0.0575136 -0.0150167 -0.0374082 -0.0184568 -0.0337263 -0.0713055 -0.0481312 -0.0573081 -0.0649166 -0.0767023 0.2532453 -0.0576620 -0.0463247 -0.0097170 0.4727610 -0.0734852 -0.0462868 -0.0561568 -0.0494890 -0.0658823 -0.0480494 -0.0640828 -0.0305981 -0.0474325 -0.0375078 -0.0165061 -0.0205710 -0.0354667 -0.0572847 -0.0341898 -0.0611336 -0.0400418 -0.0162157 -0.0248637 -0.0270188 -0.0287859
-0.0304519 -0.0269583 -0.0398836 -0.0487869 -0.0216731 -0.0633766 -0.0738024 0.5534699 1.1012957 -0.0908519 0.5000347 -0.0320698 -0.0209104 -0.0888704 -0.0196845 -0.0636099 -0.0755449 -0.0110895 -0.0535320 -0.0293667 -0.0450758 -0.0246186 -0.0595650 -0.0274290 -0.0513780 -0.0576016 -0.0672588 -0.0385808 -0.0670727 -0.0662845 -0.0793799 -0.0516244 -0.0219771 0.5211115 -0.0570022 -0.0728101 -0.0748837 -0.0593199 -0.0103571 -0.0259021 -0.0727585 0.4853223 -0.0787175 0.3176973 -0.0747717 -0.0594936 -0.0710123 -0.0116074 -0.0301243 0.4977328 -0.0360882 -0.0497365 -0.0185414 -0.0540512 -0.0287864 -0.0484632 -0.0271641 -0.0157607 -0.0739034 -0.0781904 -0.0150289 -0.0713455 -0.0835764 0.5037371 -0.0840656 -0.0844758 -0.0740702 -0.0708223 -0.0566943 -0.0154174 0.2221055 -0.0319288 -0.0412482 0.4925873 0.5202392 0.2121351 -0.0661653 -0.0663949 -0.0254351 -0.0659203 -0.0724674 -0.0844778 -0.0792843 0.2422555 -0.0509649 -0.0445649 -0.0363975 -0.0348796 -0.0592531 -0.0601986 -0.0263670 -0.0722682 -0.0901473 -0.0885060 -0.0243383 0.4401709 -0.0432394 -0.0600058 -0.0557576 -0.0575218 -0.0397728 -0.0157404 -0.0099024 -0.0605175 -0.0245510 0.1833728 0.2293013 -0.0542226 -0.0498520 -0.0263370 -0.0602397 -0.0542367 -0.0193608 -0.0272899 -0.0523016 -0.0163436 -0.0606408 -0.0306442 -0.0363136 -0.0269423 0.4680949 -0.0485659 -0.0397370 -0.0264271 -0.0395319 -0.0319367 -0.0217552 -0.0590250 -0.0789993 -0.0193922 -0.0448965 -0.0372522 -0.0636798 -0.0572411 -0.0313576 -0.0706062 -0.0579879 -0.0252787 -0.0752150 -0.0451260 -0.0680398 -0.0628652 -0.0293547 -0.0222907 -0.0204568 -0.0305702 -0.0155620 0.2216116 -0.0220062 -0.0384716 -0.0557136 -0.0487843 -0.0368769 -0.0576756 -0.0637127 -0.0558043 -0.0291672 -0.0187366 -0.0059542 -0.0489390 -0.0241749 -0.0537782 -0.0594314 -0.0344071 -0.0198313 -0.0454211 -0.0205482 -0.0155107 -0.0648960 -0.0220234 -0.0436816 -0.0285085 -0.0442239 -0.0517390 -0.0456620 -0.0733311 -0.0587422 -0.0609634 0.2756727 -0.0473489 -0.0356337 -0.0056148 0.5323607 -0.0570784 -0.0522020 -0.0633505 -0.0506274 -0.0512148 -0.0290487 -0.0494144 -0.0280358 -0.0361290 -0.0331003 -0.0217488 -0.0192045 -0.0353749 -0.0543219 -0.0219812 -0.0564251 -0.0406246 -0.0289884 -0.0102823 -0.0270613 -0.0255565
-0.0491311 -0.0577568 -0.0533941 -0.1003458 -0.0484988 -0.1050626 -0.0944640 -0.0720826 -0.0908519 1.0867184 -0.0631912 -0.0620076 -0.0459094 0.4816982 -0.0433094 -0.1015233 0.1836799 -0.0543775 -0.0836122 -0.0410595 0.1850514 -0.0660362 -0.0916558 -0.0470180 -0.0462215 -0.1029698 0.4725104 -0.0603724 0.4664485 0.4247562 0.4484409 -0.0881882 -0.0523943 -0.0684216 0.1984260 -0.0835095 0.1641250 0.1983711 -0.0432057 -0.0331002 0.1862074 -0.0791878 0.1573628 -0.0736509 0.4185061 0.1086265 -0.0805095 -0.0242042 -0.0512441 -0.0777637 -0.0618158 -0.0558917 -0.0476419 -0.0518015 -0.0419251 -0.0822123 -0.0665131 -0.0449204 0.4989258 0.2120391 -0.0574867 0.1608305 0.4750745 -0.0751104 0.1819242 0.4752456 0.5018631 -0.0692411 0.1806199 -0.0228468 -0.0801487 -0.0353674 -0.0376358 -0.0790859 -0.0755717 -0.0625959 -0.0710814 -0.0887628 -0.0707896 0.1437200 0.1382419 0.4707364 0.4651427 -0.0733554 -0.0703217 -0.0502591 -0.0547306 -0.0439408 -0.0962166 -0.0890288 -0.0549199 0.1752363 0.4417069 0.4723793 -0.0426789 -0.0727160 -0.0381589 -0.0907473 -0.0593936 -0.0510844 -0.0470829 -0.0250926 -0.0527104 -0.0432860 -0.0355501 -0.0695534 -0.0747597 -0.0823809 -0.0509177 -0.0612338 -0.0447452 -0.0826267 -0.0587845 -0.0421383 -0.0973718 -0.0236880 -0.0772288 -0.0353987 -0.0228724 -0.0302410 -0.0756373 -0.0625979 -0.0472216 -0.0514258 -0.0843859 -0.0514568 -0.0308927 -0.0486283 0.4711445 -0.0208434 -0.0851770 -0.0424388 -0.0835418 -0.0519278 -0.0116207 0.1591605 -0.0853239 -0.0662702 -0.0809455 -0.0442800 -0.0809819 -0.0864298 -0.0248727 -0.0419013 -0.0404235 -0.0368000 -0.0375193 -0.0627657 -0.0619685 -0.0610201 -0.0599891 -0.0552543 -0.0399299 -0.0541515 -0.0487736 -0.0617488 -0.0627930 -0.0412671 -0.0616448 -0.0917803 -0.0659093 -0.0796610 -0.0801295 -0.0334063 -0.0375098 -0.0524489 -0.0167731 -0.0374114 0.1447113 -0.0373892 -0.0329505 -0.0544490 -0.0591749 -0.0867844 -0.0458462 0.2102530 -0.0931481 -0.0812412 -0.0766229 -0.0506230 -0.0726700 -0.0353626 -0.0688059 -0.0742896 -0.0568145 -0.0480858 -0.0369357 -0.0796679 -0.0544096 -0.0877832 -0.0478944 -0.0417865 -0.0619958 -0.0525323 -0.0190319 -0.0458605 -0.0731204 -0.0316629 -0.0295834 -0.0624675 -0.0280553 -0.0471120 -0.0304646 -0.0455400
-0.0467634 -0.0213071 -0.0456946 -0.0525589 -0.0134611 -0.0648851 -0.0734044 0.4508914 0.5000347 -0.0631912 1.0780646 -0.0360725 -0.0322415 -0.0659589 -0.0175864 -0.0595937 -0.0700032 -0.0050924 -0.0545526 -0.0384823 -0.0375789 -0.0256131 -0.0582110 -0.0202555 -0.0571300 -0.0627150 -0.0568385 -0.0456759 -0.0621254 -0.0565382 -0.0626312 -0.0574875 -0.0104305 0.5360631 -0.0582411 -0.0693414 -0.0723512 -0.0518749 -0.0093889 -0.0375569 -0.0681402 0.5771263 -0.0783798 0.2859628 -0.0589758 -0.0646836 -0.0745386 -0.0201406 -0.0293146 0.4268535 -0.0372119 -0.0442228 -0.0273108 -0.0581869 -0.0143242 -0.0574830 -0.0286013 -0.0305330 -0.0618572 -0.0671253 -0.0247087 -0.0630974 -0.0594316 0.4860194 -0.0790649 -0.0603652 -0.0545420 -0.0721959 -0.0622231 -0.0227876 0.1697367 -0.0265461 -0.0381699 0.5173326 0.4072242 0.2737430 -0.0663168 -0.0628056 -0.0283233 -0.0613750 -0.0734455 -0.0676800 -0.0598464 0.2914282 -0.0629606 -0.0472986 -0.0450336 -0.0423406 -0.0592167 -0.0579820 -0.0342868 -0.0723597 -0.0780059 -0.0668157 -0.0262969 0.4434898 -0.0364283 -0.0621315 -0.0547445 -0.0409207 -0.0578053 -0.0180633 -0.0188318 -0.0457797 -0.0238916 0.2549138 0.2184572 -0.0593233 -0.0421838 -0.0218495 -0.0650433 -0.0696813 -0.0084180 -0.0508851 -0.0500496 -0.0152940 -0.0622903 -0.0321907 -0.0403789 -0.0314581 0.5088429 -0.0362898 -0.0268304 -0.0285311 -0.0503148 -0.0357297 -0.0221020 -0.0559677 -0.0753266 -0.0187028 -0.0463429 -0.0528139 -0.0801106 -0.0418443 -0.0236541 -0.0749872 -0.0620795 -0.0281182 -0.0816970 -0.0447012 -0.0676765 -0.0615092 -0.0339333 -0.0307181 -0.0099371 -0.0321366 -0.0200909 0.2443707 -0.0260946 -0.0403012 -0.0585799 -0.0324637 -0.0432802 -0.0460274 -0.0500580 -0.0530796 -0.0438718 -0.0159175 -0.0151796 -0.0538308 -0.0296463 -0.0650123 -0.0574982 -0.0294465 -0.0178971 -0.0448464 -0.0374694 -0.0255719 -0.0699371 -0.0202604 -0.0439733 -0.0236236 -0.0447555 -0.0530706 -0.0365933 -0.0762005 -0.0655267 -0.0674718 0.2489512 -0.0510367 -0.0366853 -0.0011947 0.4634993 -0.0585058 -0.0559130 -0.0414116 -0.0470609 -0.0489905 -0.0442497 -0.0578973 -0.0223734 -0.0366507 -0.0266580 -0.0211553 -0.0286750 -0.0266599 -0.0481981 -0.0369411 -0.0453891 -0.0383443 -0.0392371 -0.0246428 -0.0174860 -0.0295175
0.5319355 0.0066920 0.6121570 -0.0503043 -0.0277246 -0.0556483 -0.0407117 -0.0317718 -0.0320698 -0.0620076 -0.0360725 1.1684505 0.0001433 -0.0583401 0.0079335 -0.0440397 -0.0721706 -0.0085027 -0.0425307 -0.0242996 -0.0452180 0.0048964 -0.0529827 -0.0071677 0.5657791 -0.0275587 -0.0426756 0.5129831 -0.0641329 -0.0778838 -0.0744788 -0.0414488 -0.0324443 -0.0418693 -0.0390816 -0.0675501 -0.0697406 -0.0421126 0.0056207 0.0009108 -0.0614702 -0.0254122 -0.0655687 -0.0339367 -0.0583828 -0.0733640 -0.0548689 -0.0135459 0.0136398 -0.0217559 0.5609405 0.5767758 -0.0127622 0.5390792 -0.0265902 -0.0414233 0.0006826 -0.0056797 -0.0661602 -0.0560706 0.0001438 -0.0625234 -0.0599708 -0.0455640 -0.0674247 -0.0708563 -0.0707683 -0.0509519 -0.0630639 -0.0146125 -0.0345210 0.0113672 -0.0129080 -0.0309357 -0.0242271 -0.0526665 -0.0553244 -0.0533486 -0.0164018 -0.0589373 -0.0613296 -0.0620605 -0.0589584 -0.0404488 -0.0639559 0.5357465 0.5676879 0.5450258 -0.0493562 -0.0449264 -0.0011020 -0.0622378 -0.0734303 -0.0809383 -0.0106957 -0.0266266 -0.0006563 -0.0527285 -0.0248109 -0.0244613 -0.0359497 -0.0042450 -0.0044233 -0.0211039 -0.0229950 -0.0200358 -0.0445817 -0.0534350 -0.0092956 0.0172978 -0.0218204 -0.0579195 0.0034549 -0.0243639 -0.0607852 -0.0233717 -0.0660061 0.0047144 -0.0271944 -0.0308440 -0.0305778 -0.0257669 -0.0213973 -0.0094485 -0.0568017 -0.0024410 -0.0193587 -0.0025938 -0.0580662 -0.0239489 -0.0529452 -0.0101194 -0.0463449 -0.0360070 0.0018484 -0.0713510 -0.0559777 -0.0114826 -0.0534531 -0.0172017 -0.0489368 -0.0641926 0.0058364 -0.0178157 -0.0274767 -0.0209540 -0.0012372 -0.0322690 0.0073478 -0.0087275 -0.0153289 -0.0135324 -0.0224883 -0.0173223 -0.0376118 -0.0179008 -0.0327718 0.0180153 0.0107213 -0.0447560 0.0020492 -0.0490102 -0.0585136 -0.0165196 -0.0103715 -0.0182519 -0.0186464 -0.0244443 -0.0691913 -0.0094120 -0.0129582 -0.0049443 -0.0168946 -0.0651688 -0.0216152 -0.0675776 -0.0480972 -0.0533022 -0.0341999 -0.0123772 -0.0283344 0.0041761 -0.0262878 -0.0642596 -0.0123563 -0.0287417 -0.0221051 -0.0777632 -0.0233856 -0.0618780 0.0003563 -0.0152231 -0.0122669 0.0021323 -0.0039999 -0.0069612 -0.0294309 -0.0284896 -0.0034367 -0.0320033 -0.0242550 0.0212685 -0.0366846 -0.0198887
-0.0075340 0.0181239 0.0025868 -0.0419515 0.0343642 -0.0276210 -0.0207834 -0.0244380 -0.0209104 -0.0459094 -0.0322415 0.0001433 1.0926541 -0.0574656 0.0059241 -0.0266700 -0.0384434 0.0279897 -0.0263924 0.0121406 -0.0156400 0.0336869 -0.0306730 0.0193103 0.0021818 -0.0289984 -0.0471475 -0.0023386 -0.0567363 -0.0576083 -0.0589377 -0.0253237 0.0334529 -0.0215808 -0.0271619 -0.0224904 -0.0398065 -0.0153272 0.0224209 0.3901395 -0.0312770 -0.0300271 -0.0403118 -0.0196712 -0.0521890 -0.0410975 -0.0353654 0.0198375 0.0163055 -0.0238316 -0.0033514 -0.0007438 0.0149288 -0.0014189 0.0289984 -0.0270678 0.0082745 0.3333863 -0.0517326 -0.0385527 0.3831880 -0.0394218 -0.0631087 -0.0176753 -0.0252900 -0.0515758 -0.0575055 -0.0347825 -0.0407676 0.0178655 -0.0102416 0.0069064 0.0063154 -0.0239064 -0.0302153 -0.0218535 -0.0090958 -0.0214838 0.0295661 -0.0397573 -0.0408517 -0.0590919 -0.0570546 -0.0118800 -0.0189831 -0.0044272 -0.0065694 -0.0019656 -0.0194380 -0.0181820 0.0333736 -0.0394906 -0.0501866 -0.0573017 0.0049666 -0.0254688 0.0165921 -0.0356353 -0.0008183 -0.0153412 0.0172019 0.0033556 0.0251509 -0.0145422 0.0151228 -0.0085438 -0.0134733 -0.0382813 0.0231785 0.0037589 -0.0052169 -0.0296256 0.0227146 0.0165559 -0.0383157 -0.0047109 -0.0325203 0.0366489 0.0191763 -0.0143895 -0.0253525 -0.0099065 -0.0229486 0.0103314 -0.0467235 0.0074998 -0.0180172 0.0096188 -0.0484274 -0.0188760 -0.0490738 0.0119830 -0.0265480 -0.0163930 0.0022331 -0.0322840 -0.0493752 0.0083679 -0.0233833 0.0383281 -0.0257512 -0.0338430 0.0290011 0.0253054 0.0186662 -0.0051488 0.0147384 -0.0171992 0.0130127 0.0202773 -0.0099146 -0.0129692 0.0047373 -0.0015745 -0.0167400 -0.0074731 0.0001645 0.0106614 0.0240024 -0.0121692 0.0209715 -0.0334820 -0.0443211 0.0389306 -0.0210383 0.0159951 -0.0050286 0.0185473 -0.0351357 0.0105830 0.0388530 0.0159110 -0.0045428 -0.0428955 -0.0144663 -0.0348591 -0.0200690 -0.0318338 -0.0224066 0.0272183 0.0248893 0.0076147 -0.0226123 -0.0406423 -0.0030432 -0.0214360 0.0097637 -0.0334021 0.0020164 -0.0379960 -0.0059892 0.0277737 0.0212937 0.0128922 0.0336900 0.0247285 0.0068579 0.0142647 0.0257399 0.0093962 0.0089338 0.0097205 0.0198559 0.0101978
-0.0528411 -0.0492843 -0.0535371 -0.1016929 -0.0484786 -0.0861466 -0.0806312 -0.0615341 -0.0888704 0.4816982 -0.0659589 -0.0583401 -0.0574656 1.1271712 -0.0439653 -0.0831740 0.1398507 -0.0477349 -0.0747743 -0.0498680 0.1653229 -0.0685939 -0.0993725 -0.0394292 -0.0476612 -0.0869154 0.4810164 -0.0572726 0.4251141 0.4698136 0.5325565 -0.0700437 -0.0512347 -0.0730109 0.2269435 -0.0730331 0.1257299 0.2001156 -0.0397355 -0.0495160 0.1698738 -0.0727732 0.1321405 -0.0729464 0.4653202 0.1330333 -0.0899944 -0.0247100 -0.0413396 -0.0822424 -0.0516734 -0.0539087 -0.0334311 -0.0483121 -0.0392131 -0.0689348 -0.0577434 -0.0491206 0.3864743 0.1519959 -0.0584933 0.1482514 0.4890508 -0.0683651 0.1363945 0.4792720 0.4516065 -0.0750388 0.1200696 -0.0285463 -0.0669799 -0.0313396 -0.0344487 -0.0693579 -0.0744912 -0.0584302 -0.0752281 -0.0738460 -0.0648327 0.1256679 0.1603371 0.4803218 0.5050153 -0.0728058 -0.0753461 -0.0506595 -0.0494144 -0.0450700 -0.0838984 -0.0737401 -0.0569839 0.1755507 0.4606689 0.5043682 -0.0463467 -0.0741528 -0.0408758 -0.0962739 -0.0416378 -0.0527771 -0.0608399 -0.0237933 -0.0386696 -0.0486232 -0.0444813 -0.0596221 -0.0724241 -0.0924975 -0.0388365 -0.0462984 -0.0274705 -0.0936216 -0.0608861 -0.0530656 -0.0987368 -0.0211891 -0.0787913 -0.0373361 -0.0250071 -0.0397866 -0.0701742 -0.0640899 -0.0408878 -0.0513483 -0.0939630 -0.0504845 -0.0343679 -0.0463827 0.4624768 -0.0223204 -0.0905254 -0.0504735 -0.0678605 -0.0495026 0.0008428 0.1405031 -0.0886740 -0.0488151 -0.0715157 -0.0428055 -0.0790682 -0.0830170 -0.0299668 -0.0457612 -0.0346140 -0.0485272 -0.0369794 -0.0661514 -0.0526934 -0.0416992 -0.0435942 -0.0522491 -0.0570995 -0.0459229 -0.0416822 -0.0698790 -0.0694761 -0.0364704 -0.0624447 -0.0904885 -0.0504249 -0.0810877 -0.0828441 -0.0310689 -0.0439118 -0.0451207 -0.0315128 -0.0393927 0.1038979 -0.0318940 -0.0299209 -0.0568893 -0.0463514 -0.0877723 -0.0585476 0.1001022 -0.0801023 -0.0849250 -0.0729945 -0.0542343 -0.0598768 -0.0339833 -0.0686890 -0.0841303 -0.0394911 -0.0529331 -0.0402135 -0.0889008 -0.0599952 -0.0980873 -0.0473397 -0.0485915 -0.0654505 -0.0492500 -0.0251452 -0.0561691 -0.0536411 -0.0303457 -0.0384069 -0.0485255 -0.0251655 -0.0375579 -0.0251781 -0.0291169
-0.0020537 0.0098888 -0.0054249 -0.0199445 0.0106210 -0.0156995 -0.0267782 -0.0141273 -0.0196845 -0.0433094 -0.0175864 0.0079335 0.0059241 -0.0439653 1.0475936 -0.0191878 -0.0389218 0.0194782 -0.0153593 -0.0283307 -0.0201482 0.0094696 -0.0196770 0.0171941 0.0017255 -0.0227053 -0.0353278 0.0036732 -0.0387584 -0.0420192 -0.0424538 -0.0123447 0.0112899 -0.0221632 -0.0280726 -0.0297330 -0.0376064 -0.0220626 0.0188463 0.0108139 -0.0432980 -0.0200557 -0.0266781 -0.0039933 -0.0389717 -0.0296295 -0.0171421 0.0264011 0.0170229 -0.0234672 0.0075150 -0.0043584 0.0329708 0.0018557 0.0131161 -0.0199049 0.0173700 0.0130642 -0.0396202 -0.0400677 0.0204396 -0.0346298 -0.0408991 -0.0253055 -0.0308535 -0.0372308 -0.0397850 -0.0233263 -0.0378952 0.0299633 -0.0167961 0.0192469 0.0163596 -0.0179719 -0.0194037 -0.0140139 -0.0292075 -0.0251936 0.0132444 -0.0355768 -0.0405797 -0.0414921 -0.0456799 -0.0076737 -0.0174864 -0.0077058 -0.0096866 -0.0085333 -0.0327726 -0.0253763 0.0189214 -0.0325784 -0.0421039 -0.0479593 0.0305612 -0.0324341 0.0215300 -0.0152164 0.0348966 -0.0096091 -0.0089856 0.0257507 0.0346407 -0.0133661 0.0161271 -0.0056610 -0.0097807 -0.0275312 0.0357296 0.0242060 0.0245047 -0.0250208 0.0263762 -0.0121545 -0.0241322 0.0218225 -0.0219310 0.0164210 0.0189559 0.0228929 -0.0207962 -0.0065108 -0.0071196 0.0298800 -0.0142142 -0.0172130 0.0211223 0.0393833 -0.0386520 0.0171917 -0.0181210 -0.0118133 -0.0204543 -0.0109984 0.0318316 -0.0412310 -0.0245211 0.0202523 -0.0255981 0.0295046 -0.0135473 -0.0199750 0.0284552 0.0168775 0.0151026 0.0265125 0.3233607 -0.0095092 0.0169649 0.0203886 0.0284234 -0.0038314 -0.0275312 -0.0063614 -0.0100435 0.0005387 -0.0179184 0.0308975 0.0187761 -0.0211347 0.0255586 -0.0265696 -0.0217363 0.0258471 0.0116926 0.0224046 0.0142906 0.0211075 -0.0342237 0.0175043 0.0265104 0.0259918 0.0246528 -0.0199820 -0.0127372 -0.0389298 -0.0310500 -0.0250519 -0.0087698 0.0176565 -0.0008460 0.0068029 -0.0162044 -0.0270677 0.0208361 -0.0113809 -0.0046143 -0.0168723 -0.0158709 -0.0295174 0.0174958 0.0179599 0.0188156 0.0191243 0.0227787 0.0127074 0.0160256 0.0097258 0.0182574 0.0109732 0.0137970 0.0129033 0.0101052 0.0193091
-0.0298080 -0.0471051 -0.0442383 -0.0904519 -0.0542159 0.5320752 0.5100831 -0.0636775 -0.0636099 -0.1015233 -0.0595937 -0.0440397 -0.0266700 -0.0831740 -0.0191878 1.1244568 -0.0855562 -0.0424613 0.5120755 -0.0611536 -0.0796079 -0.0501683 -0.0780858 -0.0258487 -0.0387618 0.5392652 -0.0848980 -0.0477952 -0.0971949 -0.0809546 -0.0895204 0.5227913 -0.0511423 -0.0792255 -0.0684536 0.5416641 -0.0849843 -0.0656119 -0.0042375 -0.0121625 -0.0832910 -0.0556172 -0.0921828 -0.0443354 -0.0868329 -0.0897106 -0.0861922 -0.0372766 -0.0195443 -0.0722757 -0.0280382 -0.0387771 -0.0214525 -0.0280709 -0.0534778 0.4779341 -0.0493326 -0.0177797 -0.1054965 -0.0838879 -0.0136357 -0.0697093 -0.0934611 -0.0678327 -0.0834131 -0.0905644 -0.0864504 -0.0881028 -0.0755668 -0.0370438 -0.0581699 -0.0102106 -0.0244224 -0.0701626 -0.0632439 -0.0695372 0.4548638 0.5031267 -0.0445165 -0.0890098 -0.0715074 -0.0918488 -0.0823424 -0.0508091 0.4950083 -0.0419100 -0.0372691 -0.0381854 0.5088484 0.5220495 -0.0453187 -0.0773655 -0.0893123 -0.0786213 -0.0195179 -0.0721762 -0.0134310 -0.0759931 -0.0397974 -0.0481039 -0.0663379 -0.0343906 -0.0255813 -0.0518512 -0.0523977 -0.0406318 -0.0535774 -0.1029901 -0.0296874 -0.0440460 -0.0327785 -0.0772267 -0.0501730 -0.0540026 -0.0740759 -0.0502747 -0.0837201 -0.0531623 -0.0479173 -0.0524465 -0.0701970 -0.0408213 -0.0491258 -0.0326040 -0.0787341 -0.0509995 -0.0431410 -0.0211290 -0.0907074 -0.0447622 -0.0812640 -0.0669644 0.4993197 -0.0560116 -0.0336225 -0.0802594 -0.0958651 -0.0419216 0.4746857 -0.0516632 0.5212328 -0.0760043 -0.0560017 -0.0261860 -0.0388656 -0.0517595 -0.0226525 -0.0602914 -0.0436759 -0.0313864 -0.0344406 -0.0302362 -0.0442779 -0.0492058 -0.0607644 -0.0517942 -0.0478634 -0.0185059 -0.0428219 0.4794012 -0.0474836 0.4575383 -0.0719281 -0.0514149 -0.0419164 -0.0239365 -0.0611283 -0.0322893 -0.0818445 0.0012498 -0.0499918 -0.0244973 -0.0364538 -0.0732172 -0.0585096 -0.0844087 0.5034444 -0.0906835 -0.0696427 -0.0425801 -0.0311245 -0.0214953 -0.0616122 -0.0916942 -0.0286266 -0.0484736 -0.0320035 -0.0849061 -0.0473952 -0.0887866 -0.0321926 -0.0304990 -0.0288712 -0.0176643 -0.0511146 -0.0330537 -0.0405519 -0.0287707 -0.0337263 -0.0445601 -0.0433098 -0.0435306 -0.0391807 -0.0333463
-0.0637866 -0.0389429 -0.0705350 -0.0746571 -0.0453863 -0.0896868 -0.0794764 -0.0629371 -0.0755449 0.1836799 -0.0700032 -0.0721706 -0.0384434 0.1398507 -0.0389218 -0.0855562 1.1925409 -0.0466591 -0.0806625 -0.0549514 0.2002887 -0.0541535 -0.0637357 -0.0339759 -0.0658005 -0.0921969 0.1371686 -0.0632497 0.1508151 0.1907602 0.1770445 -0.0825447 -0.0529849 -0.0632025 0.2314142 -0.0878078 0.5127802 0.1942351 -0.0506880 -0.0411327 0.4457788 -0.0801900 0.4964721 -0.0666733 0.1361097 0.4692870 -0.0701033 -0.0366112 -0.0365797 -0.0717856 -0.0753720 -0.0705996 -0.0497725 -0.0671627 -0.0350898 -0.0903811 -0.0358920 -0.0337395 0.1772479 0.4577561 -0.0462751 0.5059313 0.1480200 -0.0675648 0.4734747 0.1596686 0.1660891 -0.0687031 0.5026632 -0.0301923 -0.0564922 -0.0458214 -0.0322317 -0.0735821 -0.0705523 -0.0528785 -0.0818181 -0.0841942 -0.0658426 0.5045161 0.4723758 0.1577328 0.1422299 -0.0728173 -0.0889983 -0.0606704 -0.0753148 -0.0542744 -0.0886611 -0.0767453 -0.0468359 0.4664405 0.2373922 0.1983310 -0.0594808 -0.0765469 -0.0271235 -0.0632884 -0.0702393 -0.0701889 -0.0611647 -0.0438562 -0.0586564 -0.0522677 -0.0380787 -0.0583891 -0.0580975 -0.0599664 -0.0375432 -0.0409194 -0.0560662 -0.0752426 -0.0467798 -0.0601555 -0.0842865 -0.0253201 -0.0603018 -0.0663068 -0.0616139 -0.0341941 -0.0707740 -0.0670129 -0.0594578 -0.0615696 -0.0721542 -0.0519623 -0.0292530 -0.0273700 0.1617439 -0.0301495 -0.0731087 -0.0490363 -0.0730210 -0.0714028 -0.0281875 0.4777968 -0.0681505 -0.0581390 -0.0877623 -0.0665085 -0.0873083 -0.0740502 -0.0608364 -0.0507569 -0.0648057 -0.0293805 -0.0369348 -0.0604168 -0.0355938 -0.0434751 -0.0655305 -0.0699648 -0.0537211 -0.0485322 -0.0506111 -0.0435481 -0.0617109 -0.0389118 -0.0545381 -0.0892228 -0.0269375 -0.0851118 -0.0728857 -0.0694407 -0.0322919 -0.0233556 -0.0294529 -0.0526355 0.5010899 -0.0395954 -0.0634045 -0.0501323 -0.0664171 -0.0811440 -0.0543568 0.4966942 -0.0903849 -0.0654114 -0.0636227 -0.0446311 -0.0669272 -0.0360877 -0.0749483 -0.0603096 -0.0691659 -0.0721332 -0.0551103 -0.0682413 -0.0532067 -0.0781441 -0.0244667 -0.0471465 -0.0279411 -0.0441424 -0.0621255 -0.0458126 -0.0557393 -0.0479996 -0.0426109 -0.0467729 -0.0502539 -0.0405014 -0.0572110 -0.0408843
-0.0197111 0.0322695 -0.0121981 -0.0341348 0.3880585 -0.0319869 -0.0451050 -0.0175614 -0.0110895 -0.0543775 -0.0050924 -0.0085027 0.0279897 -0.0477349 0.0194782 -0.0424613 -0.0466591 1.0412253 -0.0417220 -0.0226579 -0.0235732 0.0507800 -0.0324487 0.0171561 -0.0147891 -0.0387722 -0.0443215 -0.0098198 -0.0418947 -0.0462630 -0.0450976 -0.0287770 0.3838332 -0.0215387 -0.0238173 -0.0416865 -0.0434968 -0.0275268 0.0102345 0.0185105 -0.0241984 -0.0041744 -0.0460501 -0.0048084 -0.0390823 -0.0401347 -0.0477973 0.0242334 0.0131602 -0.0152861 -0.0143915 -0.0141778 0.0322099 -0.0125155 0.3560139 -0.0363717 0.0363035 0.0125252 -0.0629769 -0.0449615 0.0188180 -0.0370545 -0.0458264 -0.0240330 -0.0439221 -0.0521241 -0.0460732 -0.0401167 -0.0378807 0.0211009 -0.0207013 0.0166595 0.0094451 -0.0179009 -0.0141306 -0.0150249 -0.0353708 -0.0406184 0.0555944 -0.0487757 -0.0359808 -0.0533617 -0.0408836 -0.0125863 -0.0418796 -0.0153698 -0.0242165 -0.0168064 -0.0431577 -0.0353003 0.0694659 -0.0357921 -0.0457750 -0.0547796 0.0305594 -0.0150680 0.0187669 -0.0343526 -0.0223990 0.0026960 0.0000204 0.0204243 -0.0003336 -0.0101086 0.0169998 0.0164447 -0.0186237 -0.0315644 -0.0189463 0.0418517 -0.0202246 -0.0284753 0.0706893 -0.0078423 -0.0358435 -0.0327809 -0.0220214 0.0305944 0.0203862 -0.0476278 -0.0236756 0.0145032 -0.0081700 0.0214971 -0.0261571 -0.0093959 -0.0550900 -0.0059295 -0.0490349 -0.0596616 -0.0277035 -0.0055783 -0.0410121 -0.0047635 0.0169155 -0.0310656 -0.0387860 0.0095275 -0.0523186 0.0702217 -0.0450117 -0.0308459 0.0486029 0.0480944 0.0322139 -0.0409451 0.0168055 -0.0141417 0.0438421 0.0230866 -0.0124567 0.0078992 -0.0235332 0.0050985 -0.0067877 -0.0074127 -0.0152198 0.0153251 0.0508793 -0.0387059 0.0380100 -0.0423548 -0.0276412 0.0665463 -0.0433064 0.0152909 -0.0477324 0.0256132 -0.0418866 0.0337531 0.0709159 0.0278826 -0.0194230 -0.0336822 -0.0096415 -0.0364857 -0.0373198 -0.0311744 -0.0165927 0.0250331 -0.0021751 0.0248578 -0.0064715 -0.0450302 -0.0227328 -0.0005407 0.0124325 -0.0316784 -0.0195788 -0.0328027 0.0156974 0.0221468 0.0341710 0.0215520 0.0369781 0.0200215 -0.0080929 0.0416664 0.0281328 -0.0062090 0.0298682 0.0376344 0.0213392 -0.0019490
